SGD SVRG NNAG Epoch
2.2936642441298347 2.3013593668827923 1.8518989558719918 1
2.116303030639658 2.238636795822007 1.4616016538246819 2
1.9290715931626536 1.9579405734301223 1.3293356907642102 3
1.7899983197526859 1.7313992510671201 1.2514968560937116 4
1.6727427230466663 1.6058325110494023 1.1960352379495225 5
1.593748785193314 1.5295686400150095 1.1497072419699501 6
1.52399511883021 1.4650519257006438 1.1115186663387377 7
1.4665885518883806 1.4100845997290843 1.0818587617800974 8
1.4176376248564562 1.3547962253051036 1.049633249754796 9
1.3729025739080765 1.3060964490751477 1.0261793141169926 10
1.3316076023651815 1.2716507579359557 1.0046574179168857 11
1.2957076962341738 1.2138493939128983 0.9839147487869653 12
1.261393786315113 1.1838563160060922 0.9652103337333026 13
1.229141774308651 1.1422275589860005 0.9475818684186472 14
1.2000061093693803 1.1127378575484772 0.9304956184400012 15
1.1692527990664363 1.0906524611708452 0.9169930254711824 16
1.145335036241795 1.0552541874634944 0.903516806986021 17
1.123184290383478 1.0274615842667991 0.8895354604782046 18
1.100414846787977 1.0102272427752805 0.8760340305240563 19
1.0807197188477382 0.9872752255033654 0.8646129993983852 20
1.0599601312976359 0.9859337492672073 0.8532922969907141 21
1.0413104730189 0.9579659648563551 0.843287019625954 22
1.0229371506387315 0.9387233155920073 0.832080940494452 23
1.0039895962723686 0.9210323464992406 0.8217984692138784 24
0.9885823007129952 0.8999211242436753 0.8125159706910858 25
0.9738878374514373 0.8969837467155188 0.8030955193140318 26
0.9575843259196757 0.8846897184848785 0.7927757989034019 27
0.9411987381822923 0.8916626926273337 0.785234108872121 28
0.9247590288176866 0.8377299588507093 0.7770798901081695 29
0.9129345786693456 0.8251155158290473 0.7692514456751401 30
0.8990022155177563 0.8030339395603561 0.7608786774489581 31
0.88428750001561 0.8053616878321713 0.7522624272976994 32
0.8683444187616753 0.7941704968281109 0.746110611368933 33
0.8587200297114185 0.7846316755427729 0.7376792872195963 34
0.8443379274871953 0.7612100600281639 0.7302475160040209 35
0.8300451681665753 0.7609577562345569 0.723231820118092 36
0.8170815394891192 0.7579811880426943 0.7172852004199382 37
0.8070173086336506 0.7283802940260113 0.7105896861275749 38
0.7959627286933572 0.7017590600968627 0.7035887347691504 39
0.7825924785012175 0.7393953142416142 0.6973225520471172 40
0.7726180760756783 0.7189309232680084 0.6916479970640539 41
0.7601536913677249 0.7180766119142933 0.6857891171941977 42
0.7504010888392968 0.6748937664129545 0.6791267168643834 43
0.7383834371710067 0.6617803784739941 0.6724098927682013 44
0.7265182195798211 0.6732982443955243 0.6672400462886562 45
0.7194471432043769 0.7188412267000169 0.6624157453132102 46
0.7062990275566535 0.6616380247466095 0.657284605876564 47
0.6980956705177531 0.6221875139057179 0.651279921002705 48
0.6853967649323861 0.6457125578847382 0.6463416590333899 49
0.672897461811295 0.6219995779454556 0.6413685526994183 50
0.6646553912316747 0.6128654397090377 0.6359581643967982 51
0.6537081364094449 0.6038480850741687 0.6319183949619303 52
0.6450621614142147 0.6640087722436242 0.6257652902542172 53
0.6360379259299744 0.6311420685494952 0.6219160988583894 54
0.6236995553878872 0.587937646967066 0.6176327922002739 55
0.6199812946264701 0.5455240101536827 0.6128304630822843 56
0.6068538431545047 0.525911854032208 0.6084900951522696 57
0.5988390584049932 0.531529846817941 0.6031326805158039 58
0.589464671700202 0.5388730605659278 0.5997203709295643 59
0.5831922949351314 0.5198349774341144 0.5951671821763144 60
0.570594933636658 0.5247675269422933 0.5907493942915021 61
0.5661335759188818 0.47719579108078464 0.585647465780263 62
0.5572565329425475 0.4637207749021023 0.5822314628021187 63
0.5480543605583098 0.4937570207297345 0.5780614335899767 64
0.5374071873972178 0.4867122354714767 0.5743996467050689 65
0.5286387171015106 0.5128620956712366 0.5703821799067585 66
0.5214731109988354 0.5109258306110301 0.566060308719535 67
0.5135288467759367 0.5367426582233376 0.561767027582354 68
0.5027320413562038 0.7077576705942983 0.5586480178186656 69
0.49923202831803076 0.5230593062041665 0.5553560602238111 70
0.48778878885995397 0.4262292943418483 0.5513235893472076 71
0.48427346832764423 0.4245462855681434 0.5477153935167186 72
0.47302384211507903 0.3720481933840096 0.5430004821561486 73
0.46959226410788346 0.3712704026752421 0.539990143798044 74
0.46090272331939025 0.617956159383897 0.5363268883484403 75
0.45136245503983535 0.5810293185017298 0.5324322648746583 76
0.44718439838922847 0.42529991208135015 0.5294377172694487 77
0.4395294119139462 0.41796055053124953 0.5254432580926839 78
0.42778146731883976 0.4533535238841306 0.5223443635627437 79
0.42513300992948627 0.37188838754811554 0.5189328300373633 80
0.41451013257817537 0.3466317919666505 0.5159880309496694 81
0.40786776710730377 0.3794596051925893 0.5118814731955224 82
0.4050971785050524 0.36979212059313077 0.509274526611161 83
0.39787532896032113 0.39276628537327435 0.505933152249707 84
0.385926690305133 0.41948909440156446 0.5026027467435278 85
0.38279043690627795 0.3994361439438732 0.49982284268607263 86
0.3764905231002042 0.6178055962028406 0.4965845904386867 87
0.3718278000078848 0.41831824981876653 0.49424207521140423 88
0.3644607779962937 0.33088433833035363 0.49052856601488865 89
0.35712530545871274 0.3167417005485738 0.48832458072839796 90
0.3511090528439073 0.2880775280430189 0.48554975596611455 91
0.35055366299493845 0.5598219690458549 0.4810526946659588 92
0.34156850186150395 0.3363911334206076 0.4786958286867422 93
0.33304280355153487 0.31081955551224594 0.47468350549488114 94
0.3294348014742517 0.3307868924630267 0.47335847223277594 95
0.3178285889784851 0.38237572264145403 0.46997558670428097 96
0.31634791584118555 0.3724764008122637 0.46684682315877635 97
0.30870593569772625 0.4289211670837134 0.4644990863511934 98
0.3088127212489353 0.31396048352160416 0.46114183929951297 99
0.3049930554464498 0.4164335756941372 0.45974054795396907 100